1
1
1
1
1
1
1
1
-15079099011.965826
-6033592050.339857
-13313790023.16885
3304558337.0845604
9705438923.69466
-11655349814.843784
-13500247825.66063
171100625.8846817
4311839879.377045
-7271693995.273296
13923499773.209896
-13941693161.656157
3922907760.6533012
14818437103.313908
-10957131187.567738
15858002058.233204
5991121884.496258
-5329646323.779926
-1132683.756565094
-1714023778.062252
2872193995.390564
5398057162.123432
7177982926.270596
-2964180144.2766743
13267952977.11111
16182172233.907269
12043094272.685997
-14265034672.226357
14475483556.936852
-14121995487.094624
-1032580469.978262
-2035447803.0376854
10507976223.264069
4894745481.365528
-9101678630.556356
-11385955181.907776
3021701135.823246
15368101462.606373
6543494591.333717
10063638146.721714
9668697279.486137
-15738466309.646648
-2815045251.5400295
-15295911028.186728
-4010694369.2748528
-15673285975.50515
3449800838.1712265
10811756216.05471
-4873607105.648836
-10614172642.737352
1286075516.40633
14589777843.386528
8958598100.78172
14638341860.251244
-2746252023.4489727
-814270510.5408497
13563126022.609386
-7776590701.312458
-5514404137.003407
3055816867.585865
-11876081696.22014
10659697837.868374
14296009856.180649
-12871670157.154516
-13067494549.431417
9570780879.293056
2980033239.287964
14625970.96855545
6524980232.79427
2372022908.3220825
13952556929.02087
-12609594181.582813
-12231418936.17407
-2490709967.563698
-10442719629.26471
5694626309.58897
13959804444.882496
7321733485.227325
15335368146.52776
-14337278046.520573
8327219547.519165
16937001021.808353
1640206269.6414719
14810477341.433113
137152378.28385162
15730358181.678062
9956208481.647034
-10564885998.84012
-13957533464.984907
-9053036180.037943
2452531088.0582275
-5673584787.507204
-14774246351.073418
-13285895277.192661
-7159089873.775578
3065621219.7149925
-14735360149.293339
4677644164.312374
-11092875879.084734
-11229493177.818447
-3427304079.2238693
-13554367389.131283
-14343045051.434864
-5720849114.775871
9196396668.28558
7368255583.65863
7851869688.779778
2390894934.327793
-16369946382.993507
-2668224367.5513897
-6272043299.406136
3265078862.327194
10728233440.83543
8250238205.8533745
-16993509104.303846
-684732403.6523933
-2446411281.6660194
-6729136549.727421
-2246358720.0233727
6690855790.122242
9998896728.200253
3008960139.164139
680657627.9779739
-14694694011.825726
840921228.3671722
-16515427369.027351
13855642347.045734
4298417052.76746
8687133154.008308
-12636747922.491035
-16430506296.738922
7922293095.069443
-11038420954.39399
-13138331173.069702
-8695554646.272846
13169983239.314453
-3376747346.9094067
16154808708.007858
-8237419295.263527
908744824.2598381
-2589555441.1863194
-3614221041.7235756
14704538641.656265
-6214606830.026588
-8951687618.229172
14574675624.094276
7078269931.438221
-10673903015.068024
-6931971991.648895
16033744562.468227
427449619.818882
-253400447.76859093
-7163154724.104216
-508287192.67762566
7413485915.3564
-296624630.6468487
-10290509382.925045
690026846.3502846
-8282846564.554443
-14555045189.400972
7189358258.206463
-13563843693.47891
7950517033.059757
-4949158430.682714
-4356670837.60664
-1377449213.3345947
-16805957550.74359
256018287.4671173
15439917299.730698
8625092404.183037
-2968513663.945389
8642461934.270027
-7778069544.079212
-10755799538.508902
14922080113.05426
331964630.44095993
1655202487.4973793
-12617565613.656754
-4818658871.6453
-6678232306.278814
2873929572.8637276
-1712935148.8559265
1412830023.6520996
-11839043002.03038
15221646497.792103
1714431952.2801437
9452911354.608334
16309608474.02679
15544890469.42973
8176139562.763367
11763639641.961605
-13617718724.016277
-16277574116.420713
9255806202.829834
-6627567012.7607765
5691951235.778206
-522560503.66371727
-1337296527.9228554
-14259529256.610144
16578868737.026585
2904620371.4186935
15263296896.091503
-12410129261.28978
5620050317.920036
7081216780.545483
13564235701.877415
-14228351329.189808
-1904935693.5551453
-8422865319.559662
-5613646863.00754
3075990420.4070625
-16849535217.382332
4409950468.346191
13885185544.080173
-16852817178.582664
-12075912816.83271
-7693963135.450081
-16499974489.789387
-6704081381.631323
-9360485370.410477
13401187114.3829
-10717959292.31913
-12774860138.904497
11973478515.016472
-13776101172.936756
-7819655873.126482
-13144761379.351189
6109529388.866768
15466678972.259048
11159548297.476059
-9610694005.84819
-5921843198.855148
-5674717019.304081
2834645494.115818
6333114478.849953
-9510277161.227364
9335009910.921894
-12980447364.491291
13981847927.572166
15376950550.585552
-5391947064.002079
38075255.09864426
8121374950.548683
-11199138905.64526
9750985030.166084
-2641140710.860098
15236339081.312782
-1955067281.4223957
7681725641.216476
-5901404895.942883
-2777216193.2004395
-4358718273.0738735
407107088.7708168
5163619362.435631
-15071837082.033352
12029179640.136028
2926889094.457321
-12598210250.449383
-15479105776.573355
2476446081.9723396
-7532716712.908199
10061321963.548176
-726670777.5087719
9543318734.142086
3619314974.4134026
6848431486.109955
-292919626.7160702
4886273846.3220215
13707413281.155949
13309225302.51355
-1999728254.9924946
-2952618961.4078445
-8271998994.690386
10717817754.295189
-11537157984.032001
2304133456.166767
1034934809.2125244
-16496665486.713028
12306059479.975883
-9147467704.706263
7932976968.223549
11178192897.756721
-13707230476.627676
-16021798799.580332
-15549193931.40023
-4149112751.315544
14830481322.693512
15746005535.19976
13262285622.73629
-13562533656.225487
-15957688066.595776
-2578829755.305298
-4874907444.603489
12332429499.404678
-6478722760.516174
-16121719197.783173
-8155241556.876118
-3456096303.8970413
-34780664.886974335
12544484159.74781
1111295248.445362
-11851078152.298626
10098034717.7122
-8830078836.707386
-1866823581.642702
3347943547.4396286
10263587511.916645
-10808707770.376526
7197918148.094234
12936427137.39692
8144974474.753109
2566713324.573147
-9270332387.100063
-11245966769.54155
-2786938432.865362
4290457343.217602
-15398392925.610828
-2694798711.0945435
13661317893.094532
-14917566392.540302
-11455182248.879358
5573584154.475716
-8330258985.029764
6437793495.430145
10069256453.921326
12871349093.096245
6279323064.433704
-15891455524.375452
16668529004.929749
4945335865.104206
-8031919701.004494
15091795982.643288
8829458092.951447
-4296200344.390434
12859930293.072037
2580006378.355278
-10163463926.65873
8486718050.142422
13192508384.988178
7061015761.62896
10941174024.06623
3515821772.908428
776383085.0012245
-3268690151.9489536
16623383188.280556
-4374926007.323935
-3640218814.6834335
-980523970.3371181
830533721.5043297
16591459926.028175
-10552860096.490376
8982615520.766502
-5281752313.461105
-12158924206.543056
8924215240.827702
4927202414.603073
8633238991.983303
-14293797471.715797
-1411724828.080614
5337577547.648479
2880659456.3084984
-14962990290.103758
-11975861745.654327
16192323532.509949
-15786927051.0761
-11512023434.301113
-4523619238.129396
3595369978.411976
1174271244.124607
-878606822.5977306
6999151905.984047
7982926013.1366005
-8729742778.49717
4783232249.647335
12591131126.881413
-6972448344.469706
8450193530.776901
798695033.1365013
487848048.68574905
-1313982655.374609
-15354078714.790327
-9083753.745838165
12880659870.878567
4557215791.583221
3339864194.5667877
3866188337.478554
-15493217237.333002
7243544574.296356
-7114645391.816679
-9604106851.049679
-14399506187.984344
-10255968649.941559
9148028085.806496
8009050334.06591
-1088663486.231018
-13378483609.977247
-13378952299.414719
15566549663.541756
11416193638.201107
-16207090741.723648